,Advanced Playmaker,Anchor Man,Attacking Fullback,Balanced Fullback,Ball Playing CB,Ball Winning Midfielder,Box to Box Midfielder,Complete Forward,Conservative,Creative Winger,Deep Playmaker,Defensive Fullback,Defensive Winger,Direct Winger,Enforcer,False 10,Holding Midfielder,Libero,Playmaker,Poacher,Positional Midfielder,Second Striker,Shot Stopper,Stopper,Sweeper,Sweeper Keeper,Target Man,Wide Playmaker,Wide Supporter
Advanced Playmaker,1.4132458474833345,1.1613894963297111,1.2937963040530553,1.215477229996154,1.2540648289323233,1.20483759350866,1.2118136727573603,1.2944431755140893,1.4880833737119326,1.4706137408160374,1.2139850778111947,1.1867510967001818,1.2294546923657625,1.1940997485318638,1.1680419776995772,1.335962177014815,1.0772262251330773,1.0777080914523811,1.3268535517575002,1.0354051109962956,1.3421627157719465,0.0,1.1381922078251563,1.1388854279105136,1.3265633408411766,1.1888281596923977,1.2367162527587594,1.2904246289243595,1.1067611924999998
Anchor Man,1.1613894963297111,1.1240429978968427,1.1881893886356567,1.1447864036762312,1.1969503372153192,1.0808701403056697,1.1042578749277265,1.1846766289240538,1.256056051958982,1.1790431316662648,1.2554289913417904,1.0799745939747112,1.1915196739872271,1.177374383690585,1.0649805691700793,1.230839465303448,0.969408459210811,1.3374197949606061,1.1449634806449285,1.0500843126843,1.1258587456515148,1.1897073540078948,1.099209195936238,1.1031106583645618,1.1226501361734793,1.0955700274934197,1.1120459960519478,1.1232998678113804,0.9777682958441986
Attacking Fullback,1.2937963040530553,1.1881893886356567,1.5988915496272897,1.3325383805443436,1.3327049748649271,1.2014987579236798,1.2092985235746672,1.5056238068920378,1.6412533854590132,1.6017040717074051,1.4712231281520525,1.1441665259024627,1.2204541326116083,1.5016361639334599,1.1342151597647698,1.2105574726915023,1.3077611274272323,1.7365430585184582,1.6965701801653523,1.1584934584894935,1.5176516113939147,1.4606415028514403,1.129920025885223,1.1638618391590605,1.3022336443241214,1.3263474312285002,1.261985195937469,1.3562137128219696,1.0615451170167698
Balanced Fullback,1.215477229996154,1.1447864036762312,1.3325383805443436,1.1973815148444162,1.2549834668772242,1.169628146071707,1.2336169427263588,1.3085089227327107,1.401406108797376,1.2340401561111525,1.4221744649454682,1.1438797880559874,1.2193552933105116,1.322475300672454,1.1588061222828692,1.2350341433765808,1.075140236773183,1.4722439920908459,1.3300690815326544,1.0721628802845684,1.2631160439920437,1.2723932375409002,1.1524358684962985,1.146537082963347,1.2947470659486389,1.1726112024981719,1.2104889068494877,1.2933876466687237,1.053886612915648
Ball Playing CB,1.2540648289323233,1.1969503372153192,1.3327049748649271,1.2549834668772242,1.2468916607181535,1.2160180088904933,1.2288688415090387,1.372792435230324,1.4796297445481659,1.3998256352525882,1.4568785084059535,1.2150251800986531,1.1604929776115374,1.316125456580947,1.1810812619238633,1.2642966430814038,1.0660494730934011,1.63665736753709,1.3667637431985964,1.1882120660110367,1.3297713046035569,1.2050404149342016,1.1188655809018926,1.1112311944702291,1.2356834443803484,1.2834810097075338,1.2512841249376738,1.366976624658008,1.2028840183823535
Ball Winning Midfielder,1.20483759350866,1.0808701403056697,1.2014987579236798,1.169628146071707,1.2160180088904933,1.1304859256191828,1.0696303069758142,1.2342683222609412,1.3533380639640002,1.1748783145239208,1.3196997437096156,1.121569792247715,1.1148148374210907,1.1666879609311671,1.1116030336078881,1.190368548331858,1.0752181289431946,1.4133194936477058,1.3029900699606967,0.9781992328312834,1.1809367277070948,1.15873119093742,1.1089381836158008,1.1412489760659843,1.1796207614666223,1.160596544486824,1.216553602560589,1.2500658689861193,1.1310922100822107
Box to Box Midfielder,1.2118136727573603,1.1042578749277265,1.2092985235746672,1.2336169427263588,1.2288688415090387,1.0696303069758142,1.1961490174782605,1.265344721958495,1.3174118906619037,1.2429519955494783,1.3038028173085325,1.1093560939815308,1.073387059454054,1.1564301866754134,1.1022942779400322,1.0428863017646466,1.1254442682606554,1.4409678084181317,1.158934954929618,1.0916987187340086,1.242467584750981,1.068071313066187,1.0922574758911237,1.0538521048673086,1.1672694923003277,1.1657491718382236,1.2013893791198458,1.2103784110146663,1.1179420364609751
Complete Forward,1.2944431755140893,1.1846766289240538,1.5056238068920378,1.3085089227327107,1.372792435230324,1.2342683222609412,1.265344721958495,1.316971771056609,1.5114500528853627,1.5688868962842553,1.4628254732119486,1.186080847139783,1.2089228804312295,1.4527662485162811,1.1952787436347403,1.339720924707104,1.2526193178865757,1.6984516915632604,1.5575428029778013,1.107621644985256,1.4287418287747105,1.3567712418179145,1.212447546663164,1.2649544203657925,1.2426736244139631,1.278872235192668,1.3390794882152681,1.3678161548015824,1.1802045154625502
Conservative,1.4880833737119326,1.256056051958982,1.6412533854590132,1.401406108797376,1.4796297445481659,1.3533380639640002,1.3174118906619037,1.5114500528853627,0.0,1.724460710690858,1.6779234464924835,1.3433622854098244,1.2524939634241619,1.6661922437616594,1.2776659919680171,1.2000345703780486,1.396221507349425,1.6886863707860238,1.6768321891181526,1.2664340215586531,1.560192491056696,1.5259293563532188,0.0,1.2528583997917195,1.4243356305265928,0.0,1.3749484481784768,1.3133189927377356,1.0806541771610167
Creative Winger,1.4706137408160374,1.1790431316662648,1.6017040717074051,1.2340401561111525,1.3998256352525882,1.1748783145239208,1.2429519955494783,1.5688868962842553,1.724460710690858,1.4671356008485434,1.4833301126524556,1.2684910908552414,1.215775355457251,1.4692690085886082,1.1029970080100608,1.1288978299686176,1.142798042640351,1.8729808480860943,1.6685785809012146,1.201073724945022,1.5457004349105106,1.4269243092425743,1.1480956701041312,1.1937881122916245,1.4253358092603596,1.1988087406423233,1.2579335055577168,1.317212722575806,0.9396112188325579
Deep Playmaker,1.2139850778111947,1.2554289913417904,1.4712231281520525,1.4221744649454682,1.4568785084059535,1.3196997437096156,1.3038028173085325,1.4628254732119486,1.6779234464924835,1.4833301126524556,1.5674605277999998,1.3056583774724402,1.342498149005173,1.4445062369765087,1.2945269015844045,1.3185375183826349,1.3487332212732959,1.7028972585606865,1.971806975982445,1.290736194548529,1.4561559727579914,1.4990905992242431,1.214269517720481,1.1642432700565661,1.3897124613315681,1.3835729344402365,1.3612151634528178,1.5554987661848152,1.2126797530114946
Defensive Fullback,1.1867510967001818,1.0799745939747112,1.1441665259024627,1.1438797880559874,1.2150251800986531,1.121569792247715,1.1093560939815308,1.186080847139783,1.3433622854098244,1.2684910908552414,1.3056583774724402,1.0835594457497713,1.0563286884091618,1.1193314871709232,1.0789925099614412,1.1963725000977778,1.0250016354160427,1.392699379490506,1.1001660692939068,1.0234583186175459,1.213694540210819,1.1620441857482604,1.1085590140084833,1.129640055182655,1.1440733556200744,1.1137308970823065,1.214960983480358,1.2315563698017278,1.0163181253169338
Defensive Winger,1.2294546923657625,1.1915196739872271,1.2204541326116083,1.2193552933105116,1.1604929776115374,1.1148148374210907,1.073387059454054,1.2089228804312295,1.2524939634241619,1.215775355457251,1.342498149005173,1.0563286884091618,1.0791897959203378,1.2172400940103576,1.0676129161474706,1.333611156076847,1.0625368255255827,1.2863536991853657,1.0032354026449664,1.0532161642785445,1.1763883180223804,1.1615760398729735,1.1378414464850877,1.1852010593203917,1.229714589672053,1.136830008344161,1.2303944928050625,1.0387422484024995,1.0581070856160002
Direct Winger,1.1940997485318638,1.177374383690585,1.5016361639334599,1.322475300672454,1.316125456580947,1.1666879609311671,1.1564301866754134,1.4527662485162811,1.6661922437616594,1.4692690085886082,1.4445062369765087,1.1193314871709232,1.2172400940103576,1.3419061769416238,1.1904343417823318,1.287522260758888,1.29501140752765,1.8111796849213582,1.5739199021437822,1.1473543825059909,1.4031965165481404,1.3668000959097766,1.1453026794125458,1.123270938899518,1.2986887371608629,1.2130882060007961,1.2490974658654619,1.2241774906901237,1.039639009155769
Enforcer,1.1680419776995772,1.0649805691700793,1.1342151597647698,1.1588061222828692,1.1810812619238633,1.1116030336078881,1.1022942779400322,1.1952787436347403,1.2776659919680171,1.1029970080100608,1.2945269015844045,1.0789925099614412,1.0676129161474706,1.1904343417823318,1.0677638639367095,1.1503982705109776,1.1601086186163014,1.17470363948421,1.1378326193616903,1.004276277179318,1.1407942191298446,1.1803228612858971,1.1232853614393068,1.0744381506603116,1.2088821509052383,1.0729448148498117,1.1945667494154604,1.1963380571437339,1.0445937311935392
False 10,1.335962177014815,1.230839465303448,1.2105574726915023,1.2350341433765808,1.2642966430814038,1.190368548331858,1.0428863017646466,1.339720924707104,1.2000345703780486,1.1288978299686176,1.3185375183826349,1.1963725000977778,1.333611156076847,1.287522260758888,1.1503982705109776,1.1971210755724997,1.0436687479733333,1.0933160763384615,1.1504707328574073,1.1345655727454549,1.3097466505079707,1.026359481059375,1.272725846567704,1.240510062721193,1.2137894769208002,1.1545145292388626,1.2222055008003205,1.3540846726539133,1.1539139150200004
Holding Midfielder,1.0772262251330773,0.969408459210811,1.3077611274272323,1.075140236773183,1.0660494730934011,1.0752181289431946,1.1254442682606554,1.2526193178865757,1.396221507349425,1.142798042640351,1.3487332212732959,1.0250016354160427,1.0625368255255827,1.29501140752765,1.1601086186163014,1.0436687479733333,1.0374746461177085,1.8500223738596482,1.4046031619833337,1.0218780395504807,1.2366214847990737,1.4046964354421057,1.088947500092387,1.0355421218193626,1.0705467524576173,1.3039402971927425,1.1293890517909997,1.3101062677029793,0.9228336575087587
Libero,1.0777080914523811,1.3374197949606061,1.7365430585184582,1.4722439920908459,1.63665736753709,1.4133194936477058,1.4409678084181317,1.6984516915632604,1.6886863707860238,1.8729808480860943,1.7028972585606865,1.392699379490506,1.2863536991853657,1.8111796849213582,1.17470363948421,1.0933160763384615,1.8500223738596482,1.7510105281383304,1.920405072281865,1.232964467826316,1.6232760969300202,1.5960972334240857,1.0094377982545455,1.080099337375,1.3150444759634732,1.6442099800061536,1.4469036971478706,1.7220071819881595,1.2315586401020002
Playmaker,1.3268535517575002,1.1449634806449285,1.6965701801653523,1.3300690815326544,1.3667637431985964,1.3029900699606967,1.158934954929618,1.5575428029778013,1.6768321891181526,1.6685785809012146,1.971806975982445,1.1001660692939068,1.0032354026449664,1.5739199021437822,1.1378326193616903,1.1504707328574073,1.4046031619833337,1.920405072281865,1.5949957033159772,1.0910112013185713,1.5772252160380484,1.4374048947743587,1.1433979051529888,1.214230952672861,1.3398726848290676,1.3514036729351022,1.3243174058460838,1.6394132728748758,1.0550087873358973
Poacher,1.0354051109962956,1.0500843126843,1.1584934584894935,1.0721628802845684,1.1882120660110367,0.9781992328312834,1.0916987187340086,1.107621644985256,1.2664340215586531,1.201073724945022,1.290736194548529,1.0234583186175459,1.0532161642785445,1.1473543825059909,1.004276277179318,1.1345655727454549,1.0218780395504807,1.232964467826316,1.0910112013185713,0.826607788707143,1.1015898839020415,1.0718851361794524,1.0313952544753842,0.9475425376652283,1.1491221965785994,1.0424662987518296,1.0580663417540537,1.033412536398924,0.9716996511784314
Positional Midfielder,1.3421627157719465,1.1258587456515148,1.5176516113939147,1.2631160439920437,1.3297713046035569,1.1809367277070948,1.242467584750981,1.4287418287747105,1.560192491056696,1.5457004349105106,1.4561559727579914,1.213694540210819,1.1763883180223804,1.4031965165481404,1.1407942191298446,1.3097466505079707,1.2366214847990737,1.6232760969300202,1.5772252160380484,1.1015898839020415,1.2164902597420288,1.382252528094253,1.145086829681481,1.1821505420161675,1.3727593389294588,1.2472144038075261,1.2788130892473322,1.270198299827445,1.032469455608642
Second Striker,0.0,1.1897073540078948,1.4606415028514403,1.2723932375409002,1.2050404149342016,1.15873119093742,1.068071313066187,1.3567712418179145,1.5259293563532188,1.4269243092425743,1.4990905992242431,1.1620441857482604,1.1615760398729735,1.3668000959097766,1.1803228612858971,1.026359481059375,1.4046964354421057,1.5960972334240857,1.4374048947743587,1.0718851361794524,1.382252528094253,1.318638684155319,1.1344354944163175,1.045657909160759,1.3305719563700737,1.2780554483896969,1.3648591370084817,1.4492079147620691,1.0207417828166665
Shot Stopper,1.1381922078251563,1.099209195936238,1.129920025885223,1.1524358684962985,1.1188655809018926,1.1089381836158008,1.0922574758911237,1.212447546663164,0.0,1.1480956701041312,1.214269517720481,1.1085590140084833,1.1378414464850877,1.1453026794125458,1.1232853614393068,1.272725846567704,1.088947500092387,1.0094377982545455,1.1433979051529888,1.0313952544753842,1.145086829681481,1.1344354944163175,0.0,1.1252103067004648,1.1572451444771965,0.0,1.189303811227873,1.1780050271572051,1.0353833615530696
Stopper,1.1388854279105136,1.1031106583645618,1.1638618391590605,1.146537082963347,1.1112311944702291,1.1412489760659843,1.0538521048673086,1.2649544203657925,1.2528583997917195,1.1937881122916245,1.1642432700565661,1.129640055182655,1.1852010593203917,1.123270938899518,1.0744381506603116,1.240510062721193,1.0355421218193626,1.080099337375,1.214230952672861,0.9475425376652283,1.1821505420161675,1.045657909160759,1.1252103067004648,1.2015290705902661,0.9964911811391306,1.1397552263395425,1.1672238332615568,1.2249402117484858,1.050120066841729
Sweeper,1.3265633408411766,1.1226501361734793,1.3022336443241214,1.2947470659486389,1.2356834443803484,1.1796207614666223,1.1672694923003277,1.2426736244139631,1.4243356305265928,1.4253358092603596,1.3897124613315681,1.1440733556200744,1.229714589672053,1.2986887371608629,1.2088821509052383,1.2137894769208002,1.0705467524576173,1.3150444759634732,1.3398726848290676,1.1491221965785994,1.3727593389294588,1.3305719563700737,1.1572451444771965,0.9964911811391306,1.3333734748270454,1.1454107468443797,1.2408528022710836,1.1762208201563649,1.0297729546659864
Sweeper Keeper,1.1888281596923977,1.0955700274934197,1.3263474312285002,1.1726112024981719,1.2834810097075338,1.160596544486824,1.1657491718382236,1.278872235192668,0.0,1.1988087406423233,1.3835729344402365,1.1137308970823065,1.136830008344161,1.2130882060007961,1.0729448148498117,1.1545145292388626,1.3039402971927425,1.6442099800061536,1.3514036729351022,1.0424662987518296,1.2472144038075261,1.2780554483896969,0.0,1.1397552263395425,1.1454107468443797,0.0,1.2156177040498761,1.5884333089291345,1.1398600343886793
Target Man,1.2367162527587594,1.1120459960519478,1.261985195937469,1.2104889068494877,1.2512841249376738,1.216553602560589,1.2013893791198458,1.3390794882152681,1.3749484481784768,1.2579335055577168,1.3612151634528178,1.214960983480358,1.2303944928050625,1.2490974658654619,1.1945667494154604,1.2222055008003205,1.1293890517909997,1.4469036971478706,1.3243174058460838,1.0580663417540537,1.2788130892473322,1.3648591370084817,1.189303811227873,1.1672238332615568,1.2408528022710836,1.2156177040498761,1.2780984195855563,1.286697405063593,1.1067386190071729
Wide Playmaker,1.2904246289243595,1.1232998678113804,1.3562137128219696,1.2933876466687237,1.366976624658008,1.2500658689861193,1.2103784110146663,1.3678161548015824,1.3133189927377356,1.317212722575806,1.5554987661848152,1.2315563698017278,1.0387422484024995,1.2241774906901237,1.1963380571437339,1.3540846726539133,1.3101062677029793,1.7220071819881595,1.6394132728748758,1.033412536398924,1.270198299827445,1.4492079147620691,1.1780050271572051,1.2249402117484858,1.1762208201563649,1.5884333089291345,1.286697405063593,1.3551707686588221,1.1599444554346157
Wide Supporter,1.1067611924999998,0.9777682958441986,1.0615451170167698,1.053886612915648,1.2028840183823535,1.1310922100822107,1.1179420364609751,1.1802045154625502,1.0806541771610167,0.9396112188325579,1.2126797530114946,1.0163181253169338,1.0581070856160002,1.039639009155769,1.0445937311935392,1.1539139150200004,0.9228336575087587,1.2315586401020002,1.0550087873358973,0.9716996511784314,1.032469455608642,1.0207417828166665,1.0353833615530696,1.050120066841729,1.0297729546659864,1.1398600343886793,1.1067386190071729,1.1599444554346157,0.9218539255729729
