,Advanced Playmaker,Anchor Man,Attacking Fullback,Balanced Fullback,Ball Playing CB,Ball Winning Midfielder,Box to Box Midfielder,Complete Forward,Conservative,Creative Winger,Deep Playmaker,Defensive Fullback,Defensive Winger,Direct Winger,Enforcer,False 10,Holding Midfielder,Libero,Playmaker,Poacher,Positional Midfielder,Second Striker,Shot Stopper,Stopper,Sweeper,Sweeper Keeper,Target Man,Wide Playmaker,Wide Supporter
Advanced Playmaker,0.3888888888888889,0.3738019169329074,0.41075794621026895,0.3333333333333333,0.3501683501683502,0.33798882681564246,0.2893401015228426,0.38831615120274915,0.5113636363636364,0.419811320754717,0.26865671641791045,0.32304900181488205,0.376271186440678,0.38305084745762713,0.3080168776371308,0.3148148148148148,0.2692307692307692,0.23809523809523808,0.3875,0.2839506172839506,0.38009049773755654,0.0,0.3050314465408805,0.3341121495327103,0.3865546218487395,0.3157894736842105,0.3423180592991914,0.3076923076923077,0.3137254901960784
Anchor Man,0.3738019169329074,0.3894736842105263,0.353322528363047,0.31452581032412963,0.3501683501683502,0.28544423440453687,0.32710280373831774,0.3418918918918919,0.4271186440677966,0.3566265060240964,0.29850746268656714,0.3165289256198347,0.35126050420168065,0.391713747645951,0.3472,0.2896551724137931,0.2625482625482625,0.41414141414141414,0.39492753623188404,0.2593856655290102,0.3181818181818182,0.3223684210526316,0.305982905982906,0.2980769230769231,0.3158783783783784,0.32105263157894737,0.36038961038961037,0.34573304157549234,0.27624309392265195
Attacking Fullback,0.41075794621026895,0.353322528363047,0.5395833333333333,0.41222366710013003,0.4056776556776557,0.35805991440798857,0.37575757575757573,0.47494852436513385,0.5599104143337066,0.5105820105820106,0.5033112582781457,0.31896551724137934,0.37770897832817335,0.47596153846153844,0.31920529801324504,0.2549019607843137,0.4576659038901602,0.6006051437216339,0.5422594142259414,0.33695652173913043,0.44768856447688565,0.44650205761316875,0.3,0.33557046979865773,0.3798828125,0.4249146757679181,0.40602409638554215,0.4112478031634446,0.32298136645962733
Balanced Fullback,0.3333333333333333,0.31452581032412963,0.41222366710013003,0.3325062034739454,0.34598698481561824,0.34173669467787116,0.2976190476190476,0.4027777777777778,0.49836065573770494,0.39828431372549017,0.3932038834951456,0.2994296577946768,0.3140161725067385,0.36342592592592593,0.3178061607813674,0.2869198312236287,0.2781954887218045,0.5117370892018779,0.4065934065934066,0.2674897119341564,0.3829296424452134,0.3897216274089936,0.27801268498942916,0.2972111553784861,0.36054421768707484,0.31402439024390244,0.3203285420944558,0.40867279894875164,0.32061068702290074
Ball Playing CB,0.3501683501683502,0.3501683501683502,0.4056776556776557,0.34598698481561824,0.3601190476190476,0.33460076045627374,0.37453874538745385,0.4129032258064516,0.4889975550122249,0.4128065395095368,0.42857142857142855,0.35489667565139266,0.3317307692307692,0.4162621359223301,0.3068181818181818,0.29338842975206614,0.3350253807106599,0.5446009389671361,0.4308617234468938,0.29431438127090304,0.38202247191011235,0.36482084690553745,0.2840909090909091,0.26717557251908397,0.32751091703056767,0.3717948717948718,0.3814756671899529,0.4077669902912621,0.3480392156862745
Ball Winning Midfielder,0.33798882681564246,0.28544423440453687,0.35805991440798857,0.34173669467787116,0.33460076045627374,0.29874213836477986,0.22325581395348837,0.37264150943396224,0.464,0.32745098039215687,0.3769230769230769,0.3075117370892019,0.2990074441687345,0.29833333333333334,0.32621199671322926,0.30678466076696165,0.3668639053254438,0.4954128440366973,0.35323383084577115,0.2700534759358289,0.3547297297297297,0.3258064516129032,0.30718232044198895,0.3237997957099081,0.2996057818659658,0.3141891891891892,0.3753351206434316,0.42662116040955633,0.3018867924528302
Box to Box Midfielder,0.2893401015228426,0.32710280373831774,0.37575757575757573,0.2976190476190476,0.37453874538745385,0.22325581395348837,0.3,0.3527885862516213,0.4425770308123249,0.3984375,0.3973333333333333,0.2972677595628415,0.3088803088803089,0.3546099290780142,0.2491961414790997,0.2727272727272727,0.32786885245901637,0.49291784702549574,0.33121019108280253,0.2874493927125506,0.3568627450980392,0.2949640287769784,0.26232741617357,0.2532051282051282,0.3157894736842105,0.2972972972972973,0.3371868978805395,0.35555555555555557,0.25609756097560976
Complete Forward,0.38831615120274915,0.3418918918918919,0.47494852436513385,0.4027777777777778,0.4129032258064516,0.37264150943396224,0.3527885862516213,0.43050847457627117,0.5292682926829269,0.500709219858156,0.4466571834992888,0.3542234332425068,0.3187702265372168,0.44476744186046513,0.3865979381443299,0.32786885245901637,0.4301369863013699,0.5888077858880778,0.5028901734104047,0.28846153846153844,0.4335483870967742,0.39572192513368987,0.31648936170212766,0.36818181818181817,0.33726647000983284,0.37924865831842575,0.4198473282442748,0.4683794466403162,0.3665338645418327
Conservative,0.5113636363636364,0.4271186440677966,0.5599104143337066,0.49836065573770494,0.4889975550122249,0.464,0.4425770308123249,0.5292682926829269,0.0,0.5484460694698354,0.5588235294117647,0.4256926952141058,0.5033557046979866,0.572538860103627,0.46558704453441296,0.36585365853658536,0.6091954022988506,0.5885093167701864,0.5736301369863014,0.34615384615384615,0.5,0.4892703862660944,0.0,0.4140127388535032,0.45318352059925093,0.0,0.48013245033112584,0.4981132075471698,0.4067796610169492
Creative Winger,0.419811320754717,0.3566265060240964,0.5105820105820106,0.39828431372549017,0.4128065395095368,0.32745098039215687,0.3984375,0.500709219858156,0.5484460694698354,0.44336569579288027,0.49122807017543857,0.37671957671957673,0.37786259541984735,0.4810126582278481,0.3258258258258258,0.3351063829787234,0.3333333333333333,0.6503067484662577,0.5528596187175043,0.36796536796536794,0.4853168469860896,0.49834983498349833,0.3140495867768595,0.350253807106599,0.4176182707993475,0.3991228070175439,0.40492170022371365,0.41935483870967744,0.3023255813953488
Deep Playmaker,0.26865671641791045,0.29850746268656714,0.5033112582781457,0.3932038834951456,0.42857142857142855,0.3769230769230769,0.3973333333333333,0.4466571834992888,0.5588235294117647,0.49122807017543857,0.5,0.3606299212598425,0.3922413793103448,0.44612068965517243,0.2995049504950495,0.32934131736526945,0.4375,0.6649076517150396,0.6914893617021277,0.39705882352941174,0.4292237442922374,0.4588744588744589,0.29819277108433734,0.3602693602693603,0.39215686274509803,0.4319526627218935,0.39465875370919884,0.4222222222222222,0.3793103448275862
Defensive Fullback,0.32304900181488205,0.3165289256198347,0.31896551724137934,0.2994296577946768,0.35489667565139266,0.3075117370892019,0.2972677595628415,0.3542234332425068,0.4256926952141058,0.37671957671957673,0.3606299212598425,0.30970724191063176,0.2964563526361279,0.3165182987141444,0.30151706700379266,0.31851851851851853,0.2727272727272727,0.43037974683544306,0.315625,0.26916524701873934,0.35081967213114756,0.3248259860788863,0.3001474926253687,0.3297644539614561,0.30064754856614245,0.3184931506849315,0.3597413096200485,0.40284842319430314,0.2837528604118993
Defensive Winger,0.376271186440678,0.35126050420168065,0.37770897832817335,0.3140161725067385,0.3317307692307692,0.2990074441687345,0.3088803088803089,0.3187702265372168,0.5033557046979866,0.37786259541984735,0.3922413793103448,0.2964563526361279,0.3050847457627119,0.3545816733067729,0.2969004893964111,0.33004926108374383,0.30697674418604654,0.5121951219512195,0.30201342281879195,0.23754789272030652,0.33095238095238094,0.2882882882882883,0.2884927066450567,0.30179445350734097,0.38719068413391555,0.3227176220806794,0.379746835443038,0.2375,0.3
Direct Winger,0.38305084745762713,0.391713747645951,0.47596153846153844,0.36342592592592593,0.4162621359223301,0.29833333333333334,0.3546099290780142,0.44476744186046513,0.572538860103627,0.4810126582278481,0.44612068965517243,0.3165182987141444,0.3545816733067729,0.4213197969543147,0.31625441696113077,0.3,0.3824884792626728,0.5804020100502513,0.504054054054054,0.3225806451612903,0.40043763676148797,0.3688888888888889,0.29704797047970477,0.3166397415185784,0.35368043087971274,0.3538767395626243,0.3473895582329317,0.3395061728395062,0.28846153846153844
Enforcer,0.3080168776371308,0.3472,0.31920529801324504,0.3178061607813674,0.3068181818181818,0.32621199671322926,0.2491961414790997,0.3865979381443299,0.46558704453441296,0.3258258258258258,0.2995049504950495,0.30151706700379266,0.2969004893964111,0.31625441696113077,0.27848101265822783,0.26252983293556087,0.3605015673981191,0.39473684210526316,0.3143418467583497,0.2871046228710462,0.32293986636971045,0.3333333333333333,0.30396039603960395,0.3404669260700389,0.32142857142857145,0.2800751879699248,0.31359649122807015,0.3968058968058968,0.3089887640449438
False 10,0.3148148148148148,0.2896551724137931,0.2549019607843137,0.2869198312236287,0.29338842975206614,0.30678466076696165,0.2727272727272727,0.32786885245901637,0.36585365853658536,0.3351063829787234,0.32934131736526945,0.31851851851851853,0.33004926108374383,0.3,0.26252983293556087,0.225,0.13333333333333333,0.3076923076923077,0.3148148148148148,0.23376623376623376,0.36231884057971014,0.21875,0.2723735408560311,0.2955223880597015,0.296,0.3222748815165877,0.29260450160771706,0.2782608695652174,0.3125
Holding Midfielder,0.2692307692307692,0.2625482625482625,0.4576659038901602,0.2781954887218045,0.3350253807106599,0.3668639053254438,0.32786885245901637,0.4301369863013699,0.6091954022988506,0.3333333333333333,0.4375,0.2727272727272727,0.30697674418604654,0.3824884792626728,0.3605015673981191,0.13333333333333333,0.25,0.7953216374269005,0.4649122807017544,0.23557692307692307,0.3611111111111111,0.40350877192982454,0.2880658436213992,0.2634730538922156,0.28254847645429365,0.4112903225806452,0.34,0.40425531914893614,0.25547445255474455
Libero,0.23809523809523808,0.41414141414141414,0.6006051437216339,0.5117370892018779,0.5446009389671361,0.4954128440366973,0.49291784702549574,0.5888077858880778,0.5885093167701864,0.6503067484662577,0.6649076517150396,0.43037974683544306,0.5121951219512195,0.5804020100502513,0.39473684210526316,0.3076923076923077,0.7953216374269005,0.6142506142506142,0.6666666666666666,0.3815789473684211,0.5009940357852882,0.5078534031413613,0.2727272727272727,0.20833333333333334,0.38323353293413176,0.5615384615384615,0.5147540983606558,0.5328947368421053,0.42
Playmaker,0.3875,0.39492753623188404,0.5422594142259414,0.4065934065934066,0.4308617234468938,0.35323383084577115,0.33121019108280253,0.5028901734104047,0.5736301369863014,0.5528596187175043,0.6914893617021277,0.315625,0.30201342281879195,0.504054054054054,0.3143418467583497,0.3148148148148148,0.4649122807017544,0.6666666666666666,0.5335463258785943,0.2857142857142857,0.47560975609756095,0.49572649572649574,0.29347826086956524,0.34944237918215615,0.41260162601626016,0.45714285714285713,0.35843373493975905,0.5763546798029556,0.41025641025641024
Poacher,0.2839506172839506,0.2593856655290102,0.33695652173913043,0.2674897119341564,0.29431438127090304,0.2700534759358289,0.2874493927125506,0.28846153846153844,0.34615384615384615,0.36796536796536794,0.39705882352941174,0.26916524701873934,0.23754789272030652,0.3225806451612903,0.2871046228710462,0.23376623376623376,0.23557692307692307,0.3815789473684211,0.2857142857142857,0.14285714285714285,0.29591836734693877,0.3287671232876712,0.2641025641025641,0.24619289340101522,0.28793774319066145,0.29878048780487804,0.32432432432432434,0.27956989247311825,0.2647058823529412
Positional Midfielder,0.38009049773755654,0.3181818181818182,0.44768856447688565,0.3829296424452134,0.38202247191011235,0.3547297297297297,0.3568627450980392,0.4335483870967742,0.5,0.4853168469860896,0.4292237442922374,0.35081967213114756,0.33095238095238094,0.40043763676148797,0.32293986636971045,0.36231884057971014,0.3611111111111111,0.5009940357852882,0.47560975609756095,0.29591836734693877,0.2898550724637681,0.421455938697318,0.2804232804232804,0.3117782909930716,0.3921161825726141,0.3835125448028674,0.3689095127610209,0.35331230283911674,0.2222222222222222
Second Striker,0.0,0.3223684210526316,0.44650205761316875,0.3897216274089936,0.36482084690553745,0.3258064516129032,0.2949640287769784,0.39572192513368987,0.4892703862660944,0.49834983498349833,0.4588744588744589,0.3248259860788863,0.2882882882882883,0.3688888888888889,0.3333333333333333,0.21875,0.40350877192982454,0.5078534031413613,0.49572649572649574,0.3287671232876712,0.421455938697318,0.40425531914893614,0.29707112970711297,0.25949367088607594,0.38686131386861317,0.4121212121212121,0.45982142857142855,0.43103448275862066,0.375
Shot Stopper,0.3050314465408805,0.305982905982906,0.3,0.27801268498942916,0.2840909090909091,0.30718232044198895,0.26232741617357,0.31648936170212766,0.0,0.3140495867768595,0.29819277108433734,0.3001474926253687,0.2884927066450567,0.29704797047970477,0.30396039603960395,0.2723735408560311,0.2880658436213992,0.2727272727272727,0.29347826086956524,0.2641025641025641,0.2804232804232804,0.29707112970711297,0.0,0.3104089219330855,0.28827361563517917,0.0,0.34081902245706736,0.3573529411764706,0.2894736842105263
Stopper,0.3341121495327103,0.2980769230769231,0.33557046979865773,0.2972111553784861,0.26717557251908397,0.3237997957099081,0.2532051282051282,0.36818181818181817,0.4140127388535032,0.350253807106599,0.3602693602693603,0.3297644539614561,0.30179445350734097,0.3166397415185784,0.3404669260700389,0.2955223880597015,0.2634730538922156,0.20833333333333334,0.34944237918215615,0.24619289340101522,0.3117782909930716,0.25949367088607594,0.3104089219330855,0.3260340632603406,0.24782608695652175,0.3235294117647059,0.33941605839416056,0.40473061760841,0.2706766917293233
Sweeper,0.3865546218487395,0.3158783783783784,0.3798828125,0.36054421768707484,0.32751091703056767,0.2996057818659658,0.3157894736842105,0.33726647000983284,0.45318352059925093,0.4176182707993475,0.39215686274509803,0.30064754856614245,0.38719068413391555,0.35368043087971274,0.32142857142857145,0.296,0.28254847645429365,0.38323353293413176,0.41260162601626016,0.28793774319066145,0.3921161825726141,0.38686131386861317,0.28827361563517917,0.24782608695652175,0.39308176100628933,0.3170028818443804,0.36660929432013767,0.3,0.24489795918367346
Sweeper Keeper,0.3157894736842105,0.32105263157894737,0.4249146757679181,0.31402439024390244,0.3717948717948718,0.3141891891891892,0.2972972972972973,0.37924865831842575,0.0,0.3991228070175439,0.4319526627218935,0.3184931506849315,0.3227176220806794,0.3538767395626243,0.2800751879699248,0.3222748815165877,0.4112903225806452,0.5615384615384615,0.45714285714285713,0.29878048780487804,0.3835125448028674,0.4121212121212121,0.0,0.3235294117647059,0.3170028818443804,0.0,0.3432098765432099,0.48031496062992124,0.29559748427672955
Target Man,0.3423180592991914,0.36038961038961037,0.40602409638554215,0.3203285420944558,0.3814756671899529,0.3753351206434316,0.3371868978805395,0.4198473282442748,0.48013245033112584,0.40492170022371365,0.39465875370919884,0.3597413096200485,0.379746835443038,0.3473895582329317,0.31359649122807015,0.29260450160771706,0.34,0.5147540983606558,0.35843373493975905,0.32432432432432434,0.3689095127610209,0.45982142857142855,0.34081902245706736,0.33941605839416056,0.36660929432013767,0.3432098765432099,0.37777777777777777,0.4117647058823529,0.32489451476793246
Wide Playmaker,0.3076923076923077,0.34573304157549234,0.4112478031634446,0.40867279894875164,0.4077669902912621,0.42662116040955633,0.35555555555555557,0.4683794466403162,0.4981132075471698,0.41935483870967744,0.4222222222222222,0.40284842319430314,0.2375,0.3395061728395062,0.3968058968058968,0.2782608695652174,0.40425531914893614,0.5328947368421053,0.5763546798029556,0.27956989247311825,0.35331230283911674,0.43103448275862066,0.3573529411764706,0.40473061760841,0.3,0.48031496062992124,0.4117647058823529,0.47549019607843135,0.3531468531468531
Wide Supporter,0.3137254901960784,0.27624309392265195,0.32298136645962733,0.32061068702290074,0.3480392156862745,0.3018867924528302,0.25609756097560976,0.3665338645418327,0.4067796610169492,0.3023255813953488,0.3793103448275862,0.2837528604118993,0.3,0.28846153846153844,0.3089887640449438,0.3125,0.25547445255474455,0.42,0.41025641025641024,0.2647058823529412,0.2222222222222222,0.375,0.2894736842105263,0.2706766917293233,0.24489795918367346,0.29559748427672955,0.32489451476793246,0.3531468531468531,0.24324324324324326
